7.584599698355847242e-01,4.956381085678905314e-04,2.409582714643692392e-01,8.612059147820263388e-05
7.013762340520486305e-01,2.173232011594851062e-02,1.952381532942401021e-01,8.165329253776269780e-02
8.199934367489343234e-01,5.803159017595348581e-04,1.767202244595363902e-01,2.706022889769275387e-03
8.575109605928636636e-02,3.921108022183200648e-01,3.784419288677083604e-02,4.842939088356229549e-01
7.806009709320269607e-01,4.319678514128928856e-04,2.188594988108120420e-01,1.075624057480562858e-04
6.966570524363299155e-01,2.067069757737662744e-02,2.005428065118864955e-01,8.212944347440691295e-02
6.469319562880939678e-01,8.178566869663160543e-02,1.574669557457478719e-01,1.138154192695264161e-01
7.899685459810990018e-01,2.682245304588306819e-04,2.096672924838593743e-01,9.593700458291336719e-05
1.213992147369117869e-01,3.869843235826991856e-01,4.802952928640754487e-02,4.435869323939815034e-01
6.542981829921972192e-01,4.164255577965936955e-02,1.680563606579808800e-01,1.360029005701623994e-01
8.177411029791480379e-01,4.067033382874113770e-03,1.524807341183177511e-01,2.571112951966001564e-02
1.012431444503115313e-01,2.742289942932108482e-01,4.400467331919508812e-02,5.805231879372823034e-01
9.052345288154758918e-02,2.910585704194597056e-01,4.082023035910279513e-02,5.775977463398898060e-01
7.765896581118274244e-02,3.010842043064647089e-01,4.023404587996597115e-02,5.810227840023866053e-01
7.199433078007574371e-01,2.698241335205529834e-02,2.142353045312347382e-01,3.883897431595253330e-02
8.154684936440113052e-01,2.348435656075300107e-04,1.841627788878441030e-01,1.338839025371244961e-04
7.573414477299994507e-01,1.048774564292619116e-02,1.842635781157347385e-01,4.790722851133980692e-02
8.441163542716120793e-02,4.154018098105291545e-01,4.218735036287857287e-02,4.579992043994309259e-01
7.791781326379680905e-01,1.073242677240592892e-03,2.147048388676917052e-01,5.043785817099525476e-03
6.188534843205665270e-01,5.955345808245834233e-02,1.769544090974345951e-01,1.446386484995405564e-01
7.571494840869008591e-01,7.440776431382211710e-04,2.414784579476121074e-01,6.279803223489261853e-04
1.023625240157099159e-01,3.377870077011121963e-01,4.197253389897016851e-02,5.178779343842077054e-01
8.363679027691205414e-01,2.652950368910513847e-04,1.631654134981724291e-01,2.013886958159844106e-04
7.856561362469494103e-01,5.958707575071875906e-04,2.126775663488618129e-01,1.070426646681685388e-03
7.920031008106133141e-01,6.663954575778053635e-04,2.063862900664119315e-01,9.442136653969602491e-04
7.812505120426831429e-01,5.010098370545602170e-03,2.043510406957395054e-01,9.388348891031971649e-03
7.815528745969910207e-02,4.058779250832741936e-01,4.182546694677660715e-02,4.741413205102502637e-01
7.788280376654506121e-01,4.115036496397077716e-04,2.201269296320078062e-01,6.335290529018635253e-04
9.364639284189678337e-02,2.409402610905045927e-01,3.650119737639264533e-02,6.289121486912061521e-01
8.469697767364478547e-02,3.344602154400166394e-01,3.815220182474029359e-02,5.426906050615983856e-01
7.983774797329632467e-01,3.378858953011567331e-04,2.008596943827588022e-01,4.249399889770618028e-04
7.175037120781281308e-01,1.445181340462282742e-02,2.212279336628515669e-01,4.681654085439750090e-02
6.267937255712778821e-01,5.715718761954342170e-02,1.719783085661456823e-01,1.440707782430328820e-01
7.938302898509805861e-01,3.515771958134729109e-04,2.050105634782393160e-01,8.075694749666396466e-04
8.023705843460886555e-01,3.079497916376427481e-03,1.832960630475560793e-01,1.125385468997890277e-02
8.177581052876100598e-01,1.744976913899221949e-04,1.818958838324463978e-01,1.715131885534206620e-04
9.402341964584333411e-02,2.620773320647779570e-01,3.956167509151607004e-02,6.043375731978627430e-01
8.223114525218679915e-01,4.657269968825488056e-03,1.490955059985898112e-01,2.393577151071700840e-02
7.579153085454022332e-01,4.336022434850537663e-03,2.207762512703060620e-01,1.697241774944110299e-02
7.579857786633996675e-01,5.838922357930122035e-03,2.126356757079351789e-01,2.353962327073517991e-02
7.313403808489234159e-02,3.510821782272017799e-01,4.074678585414518578e-02,5.350369978337606858e-01
1.040130453378820818e-01,2.574252141389793969e-01,3.956637716901415663e-02,5.989953633541243994e-01
8.196120458670899112e-01,3.861723076585335795e-04,1.795463711659536776e-01,4.554106592979711488e-04
8.787808202322393569e-01,1.856503969858904087e-04,1.200111004013384441e-01,1.022428969436284425e-03
6.308736579517093546e-02,4.358511334053344344e-01,4.100699250603009882e-02,4.600545082934643926e-01
7.869081611742095861e-01,8.688741611736125990e-04,2.095798066001226534e-01,2.643158064493986593e-03
7.560632241821950705e-01,4.322777858176140263e-03,2.318909765271149059e-01,7.723021432513806940e-03
7.461557110382653901e-01,9.826965407790683063e-05,2.531747947777813756e-01,5.712245298753272681e-04
7.771657832784046871e-01,4.916726645845798235e-04,2.217180899047867804e-01,6.244541522241523184e-04
7.639427006269823295e-01,1.565802802095238354e-03,2.295185180673779690e-01,4.972978503544354945e-03
8.008618567175109781e-01,3.449845123429740924e-04,1.986467487505442497e-01,1.464100196020496410e-04
7.321829205554700737e-01,1.727173538365703830e-03,2.624063423119604166e-01,3.683563594203865740e-03
8.095603577753294200e-01,1.836993007199306778e-04,1.902265232859944033e-01,2.941963795627291949e-05
9.208162171066106017e-02,2.937617624479873513e-01,4.260092215100820534e-02,5.715556936903432028e-01
5.133782364355767847e-01,1.533208424172407269e-01,1.393609451634218732e-01,1.939399759837606985e-01
7.486344846683377074e-01,1.208513880509439267e-02,2.129844083587017767e-01,2.629596816786600177e-02
7.688724890640116216e-01,6.104453094764449462e-04,2.298721196206882922e-01,6.449460058237442388e-04
1.146154170938668282e-01,3.903225792469534050e-01,4.225858432125316477e-02,4.528034193379266159e-01
6.178447032911166953e-02,5.088758315749414285e-01,4.068607054786928939e-02,3.886536275480773628e-01
9.346649851730359781e-02,3.173652387389895302e-01,4.215153208457039780e-02,5.470167306591369183e-01
5.802093976320463753e-01,8.667890615478736349e-02,1.252765441003435287e-01,2.078351521128228296e-01
8.095836014509553147e-01,2.785541348875334323e-03,1.790343327075102076e-01,8.596524492659312136e-03
8.200025218836376473e-01,2.311631384956673769e-04,1.793868353723963860e-01,3.794796054702197002e-04
8.109918653117161869e-01,5.062594264409392072e-04,1.876513518156907590e-01,8.505234461522236198e-04
7.726303167535354399e-01,5.535372097710606525e-04,2.258578750791418732e-01,9.582709575517681273e-04
7.368911075856113824e-01,2.314180986122942301e-03,2.565367473620203120e-01,4.257964066245431382e-03
6.164275364614831831e-01,9.961755791223775303e-02,1.730351780378745485e-01,1.109197275884047235e-01
7.515449497420166880e-01,7.193516004278863564e-04,2.470229550529158824e-01,7.127436046394621449e-04
8.124603627644467752e-01,1.064318613461725030e-02,1.353107175574927157e-01,4.158573354344326928e-02
6.522919380824511171e-01,4.010590890421847354e-02,2.494114466020069809e-01,5.819070641132328969e-02
7.478505013598141238e-01,2.434562903224749691e-03,2.450074920944927959e-01,4.707443642468402654e-03
7.604199040402248588e-01,2.796545586374280835e-03,2.279455401433953809e-01,8.838010230005695356e-03
5.867157139768095497e-01,1.029420763752709050e-01,1.817380151192292126e-01,1.286041945286904575e-01
5.720731438423765081e-01,9.495842006275420633e-02,1.980340895955680081e-01,1.349343464993011110e-01
8.403724451338637769e-01,3.660527115566774149e-04,1.579520096330168932e-01,1.309492521562596054e-03
7.919960113234336685e-01,6.641461440341357540e-03,1.763478122854417740e-01,2.501471495078333093e-02
7.057259294293749541e-01,3.481909791773315360e-02,2.168425964500675096e-01,4.261237620282452149e-02
8.162240206943527365e-01,4.603197861143592585e-04,1.824721873482904044e-01,8.434721712426005618e-04
8.312961888858307891e-01,2.915484088030237484e-04,1.679097060994221846e-01,5.025566059440956038e-04
9.728544596714637505e-02,2.922187586542668303e-01,4.299757739834758619e-02,5.674982179802389171e-01
8.073415040964593281e-01,2.633403318818815513e-04,1.923449412117275992e-01,5.021435993134210676e-05
5.790290494618887535e-02,4.491719222364988218e-01,4.203530610456259614e-02,4.508898667127496096e-01
7.881296355792054564e-01,2.893856132817262060e-04,2.114776966854045870e-01,1.032821221083983759e-04
7.367850597414608016e-01,2.294276324785029728e-02,1.676553743438187749e-01,7.261680266686999785e-02
1.163527092748399827e-01,2.663708437805273332e-01,4.409811904174575775e-02,5.731783279028871414e-01
7.928930905758095893e-01,4.406295908445050482e-04,2.064300401125344908e-01,2.362397208115938566e-04
7.796605684431313632e-01,8.614717005872152408e-04,2.164378135246322610e-01,3.040146331649030368e-03
4.959196104792731874e-01,1.355946121516958813e-01,1.420307188391400632e-01,2.264550585298905350e-01
7.707724074704492834e-01,3.094159138657088062e-04,2.288114948772407287e-01,1.066817384444875688e-04
8.388814643448277986e-02,4.821240739419888066e-01,4.364673894477191091e-02,3.903410406787563569e-01
6.263237328035426987e-01,4.515142308174408675e-02,1.920536457285302867e-01,1.364711983861828515e-01
9.300364330207057384e-02,2.926199181716971909e-01,4.089123422165173022e-02,5.734852043045804981e-01
7.842272468800873808e-01,1.413989352554539209e-03,2.086582341812961150e-01,5.700529586061825991e-03
8.155674971866098133e-01,1.738692238150122034e-03,1.773514280322821823e-01,5.342382542957947386e-03
7.944993101213899955e-02,2.963968355748213823e-01,3.918733875171222930e-02,5.849658946613273125e-01
6.868880925716130958e-02,3.553995444185282238e-01,4.013285399942986137e-02,5.357787923248802375e-01
6.970393666569087987e-01,2.531730792380306946e-02,1.959500463615868326e-01,8.169327905770124021e-02
8.243368426318292697e-01,8.663487848851721216e-04,1.698824330055534182e-01,4.914375577732141981e-03
7.838711535552405074e-01,1.461766571237432333e-03,2.098877725208447564e-01,4.779307352677219893e-03
9.984705004251125116e-02,3.743977941152474287e-01,3.991561299493154302e-02,4.858395428473099020e-01
7.167805104133221361e-01,2.377839330344713384e-02,1.786934334699911142e-01,8.074766281323948747e-02
8.890775054206641326e-02,3.288873519976031612e-01,3.826155951686884688e-02,5.439433379434616134e-01
5.626952012902300959e-01,8.903359744926571395e-02,1.512341854974121047e-01,1.970370157630921826e-01
8.261856517847054882e-02,2.773202759737908862e-01,3.892814677493449532e-02,6.011330120728043402e-01
7.018361945491220499e-01,2.924326412061804478e-02,2.307539686171981574e-01,3.816657271306156396e-02
6.086499772754310200e-01,7.187110977272834211e-02,1.866362767791701349e-01,1.328426361726701699e-01
9.894068354846724533e-02,3.636584526001289674e-01,4.307849953396164500e-02,4.943223643174423088e-01
7.788825207857290600e-01,6.587723616925334792e-03,1.850220083607617139e-01,2.950774723658378465e-02
8.814247642374158087e-02,2.762365531356366088e-01,3.773998586283271173e-02,5.978809845777892651e-01
7.558655311904179941e-01,6.371858933140342549e-04,2.427530283423788571e-01,7.442545738890120159e-04
7.812490537432914550e-01,1.900775145137667240e-03,2.140575831754847613e-01,2.792587936085981753e-03
7.262305554960349352e-02,4.197500481305525000e-01,4.038841660404580286e-02,4.672384797157980163e-01
8.145288872701457461e-02,2.811493479369208681e-01,4.097114638059762282e-02,5.964266169554670594e-01
9.795032298064275389e-02,2.503211975499621822e-01,3.842404613106291389e-02,6.133044333383319557e-01
8.230277552979147204e-01,4.856539409702112075e-04,1.736802459442097768e-01,2.806344816905103571e-03
6.631285920135486789e-01,3.650307101837009516e-02,2.428079227968189535e-01,5.756041417126236265e-02
8.139246996431289682e-01,2.023239330639596404e-04,1.858310186826042931e-01,4.195774120288261761e-05
7.740687830904303679e-01,1.140644010196305118e-02,1.735775190769947296e-01,4.094725773061175939e-02
8.771248687221129547e-02,2.706101018091703891e-01,3.830012680609246045e-02,6.033772845125253692e-01
7.349485016138564142e-02,3.795281030375459164e-01,3.988837169497608942e-02,5.070886751060922348e-01
7.440062955517293686e-01,1.458482037716723502e-02,1.942588464271206017e-01,4.715003764398278258e-02
7.423612534916438355e-01,6.472013147069151763e-04,2.549978309361655704e-01,1.993714257483731982e-03
7.674056501441932354e-02,3.332360798941612079e-01,4.018962484087586218e-02,5.498337302505433843e-01
7.358753723987536410e-02,4.367538889342496566e-01,4.179292230202019676e-02,4.478656515238546576e-01
6.285047111926220231e-02,6.055351477713112329e-01,4.385070241842804750e-02,2.877636786909985034e-01
7.665765758461896562e-01,4.897886928495047724e-04,2.328636178590326455e-01,7.001760192813766791e-05
7.156084501477172344e-01,2.730797630135482768e-02,1.822439841258345072e-01,7.483958942509327805e-02
8.317224833385884752e-02,4.571685931331535002e-01,4.166826267537637046e-02,4.179908958576113442e-01
1.133207159438111428e-01,2.199165947744750049e-01,4.074193354934544514e-02,6.260207557323684835e-01
7.635565286174289534e-01,9.273155442913847898e-03,1.812496034583698512e-01,4.592071248128751226e-02
7.131662089588595155e-01,1.117080262028464143e-03,2.834602469473192499e-01,2.256463831792852696e-03
5.366402678778300211e-02,5.589722258998778281e-01,4.262755865775081504e-02,3.447361886545884380e-01
7.803484438681553004e-02,3.824346670992745945e-01,4.072504018697572364e-02,4.988054483269338535e-01
7.458581638182798512e-01,2.842770126610140880e-03,2.412730730549222657e-01,1.002599300018790912e-02
9.143681141743804641e-01,5.322968478196391607e-05,8.535794784345175634e-02,2.207082973857812990e-04
8.231089266962641204e-01,6.478934036404165268e-04,1.732238224551998218e-01,3.019357444895428514e-03
6.361416179648086144e-01,3.533099427046601515e-02,2.430877107703900974e-01,8.543967699433513419e-02
8.375744605214586747e-01,8.493297193308227844e-04,1.597228388500428475e-01,1.853370909167614258e-03
7.733747240576198667e-01,3.499439431993676096e-03,2.153951540991781988e-01,7.730682411208433628e-03
6.180646690286194511e-01,1.147126574935222187e-01,1.240825761692408435e-01,1.431400973086174866e-01
7.545480189617402855e-01,9.295855837786639111e-03,2.188513885387865510e-01,1.730473666168650879e-02
7.917228591662749393e-01,7.016371041498523781e-03,1.734699782337383589e-01,2.779079155848820232e-02
8.313298688368052636e-01,4.193850380589031804e-04,1.677506714337733407e-01,5.000746913625014108e-04
9.307582441102700554e-02,3.473649649897529446e-01,4.360744646971313754e-02,5.159517641295068291e-01
8.170378605868262589e-01,3.639837018538375629e-03,1.656305567814339574e-01,1.369174561320141668e-02
7.697806142467379376e-01,1.085393105303074455e-03,2.264605984099812008e-01,2.673394237977663561e-03
7.878848480933408061e-01,3.998903187471488144e-04,2.114963613271119147e-01,2.189002607999523346e-04
8.216416672412669708e-01,6.185869301174630464e-03,1.457817053265389740e-01,2.639075813101942128e-02
7.311839203988365621e-02,3.015487453468942980e-01,3.746275611908006509e-02,5.878701064941418419e-01
8.370466305318096101e-01,1.262835691117313031e-04,1.627818293135004368e-01,4.525658557798739411e-05
7.253719737307477988e-01,8.177965839022839634e-03,2.397449277979118443e-01,2.670513263231745829e-02
7.987623488405892758e-01,5.716599123764994073e-03,1.720179187513161956e-01,2.350313328432949295e-02
7.967767525045656163e-02,3.861723976557121518e-01,4.113285609947953808e-02,4.930170709943520468e-01
8.062463593627502423e-01,2.641879567827920289e-04,1.932851838051090898e-01,2.042688753576072985e-04
5.307125697252124130e-01,1.025922422442039766e-01,1.616292271180179430e-01,2.050659609125654592e-01
6.238505767881626918e-01,6.233453106250397974e-02,1.791238877792447615e-01,1.346910043700886017e-01
8.342537390533257824e-01,2.862492081582578593e-04,1.646165799642991534e-01,8.434317742169392118e-04
7.649711021049792059e-01,7.941592410579697116e-04,2.322490773484209847e-01,1.985661305541980715e-03
7.954961856634964468e-01,3.591782901117647258e-04,2.039860263623260173e-01,1.586096840657607275e-04
7.269082577661095668e-01,2.350598506399915674e-02,1.723051996181614309e-01,7.728055755172981434e-02
6.041901827194019470e-01,5.851446062725931818e-02,1.955081187603011084e-01,1.417872378930378485e-01
7.555238817490186887e-02,3.221876040032847777e-01,4.075661954211168281e-02,5.615033882797015874e-01
7.752123587420949313e-01,2.032843683031174825e-02,1.380461788130209477e-01,6.641302561457200493e-02
6.877752746980269061e-01,3.477325391104917757e-02,1.941439944817351104e-01,8.330747690918850756e-02
8.510391910378465319e-01,5.194834431604465445e-04,1.460397322386957630e-01,2.401593280297206062e-03
7.286461233049633668e-01,1.172079414567515866e-03,2.678214591534274769e-01,2.360338127041450296e-03
8.520574704375696307e-01,1.906116819982544826e-04,1.475748603112008173e-01,1.770575692313363248e-04
6.807840327252897561e-01,3.694022174718056273e-02,2.051384652842973277e-01,7.713728024323224242e-02
8.207140022843503191e-01,1.787040750805429269e-04,1.788839070442665713e-01,2.233865963024418645e-04
4.641700768830608337e-01,1.267931973519902111e-01,1.304590972324051190e-01,2.785776285325439194e-01
5.680947356161401007e-01,9.610695860838551485e-02,2.032449992115985260e-01,1.325533065638761221e-01
7.907387590506556596e-02,5.537254921170906563e-01,4.450065854975034096e-02,3.226999734280936449e-01
8.141534225908558797e-02,2.822735423307545233e-01,3.957345752499584479e-02,5.967376578851640856e-01
7.617464703772720558e-01,1.762014851437357582e-03,2.334751852669088579e-01,3.016329504381720737e-03
9.227791009328936700e-02,4.396555358633076893e-01,4.390860953894963614e-02,4.241579445044528773e-01
6.800860637104204631e-01,2.125905171397116794e-02,2.477473084679979176e-01,5.090757610761068030e-02
8.182006077780615838e-01,5.478343756264374793e-04,1.787959560200817755e-01,2.455601826230315900e-03
3.745204240513818061e-01,2.291541341056921866e-01,1.440631646283029310e-01,2.522622772146232428e-01
6.713600306342614177e-01,5.024227298278131221e-02,1.786500836361521183e-01,9.974761274680517265e-02
8.331318663433787686e-01,1.809704812656443853e-04,1.664815221929405731e-01,2.056409824150891557e-04
8.331056209438438831e-01,1.318276646702020230e-03,1.607158255074483122e-01,4.860276902005751520e-03
7.515143430680013559e-01,1.147888579294157468e-03,2.453630689843380175e-01,1.974699368366560244e-03
6.456544548779918902e-01,6.789782244229231045e-02,1.550318426108062142e-01,1.314158800689095574e-01
8.163798476769135171e-01,4.215634617854060670e-03,1.582245425825476726e-01,2.117997512268456756e-02
1.401484082210043558e-01,2.081903002665506375e-01,4.228502643830342467e-02,6.093762650741415543e-01
8.174154711252289429e-01,1.021274250640990568e-03,1.786234922490561594e-01,2.939762375074025935e-03
6.746843334043471918e-01,5.359874327412731537e-02,1.734926810841377065e-01,9.822424223738764060e-02
8.019582863253990057e-01,2.953933066503028294e-04,1.976744305636204679e-01,7.188980433019268913e-05
8.440519139524061965e-01,9.148273909699963964e-04,1.516107851509403692e-01,3.422473505683257516e-03
6.925014421933790576e-01,3.336349668711829919e-02,2.003022549158916255e-01,7.383280620361100388e-02
1.033692265046279174e-01,2.945870308777740476e-01,4.249270473003108339e-02,5.595510378875671043e-01
8.358890630970734481e-01,3.271724064773312091e-04,1.621729603937484554e-01,1.610804102700870996e-03
7.992709289967623310e-01,3.825914261933142523e-04,2.001998304151491881e-01,1.466491618953387672e-04
8.393258702886070566e-01,1.717840930614873023e-04,1.602478308797614936e-01,2.545147385701805555e-04
6.205905116747143513e-01,8.770430143774644860e-02,1.225911407021359617e-01,1.691140461854030164e-01
1.044097106223313282e-01,3.692444581926108693e-01,4.059437265353701974e-02,4.857514585315209632e-01
7.898191431971046672e-01,7.107834714398125232e-03,1.922029671330505451e-01,1.087005495544664246e-02
6.423174752079625627e-01,6.734930822522249005e-02,2.066966116311690083e-01,8.363660493564627207e-02
7.730334999536850882e-01,5.474601405129403062e-04,2.262028382814534333e-01,2.162016243488719316e-04
7.720822196210921917e-02,3.351470197979117827e-01,3.702200919666726042e-02,5.506227490433119875e-01
7.897438175834154972e-01,4.369733930638272602e-04,2.096604135144656267e-01,1.587955090550878642e-04
8.333009488299636391e-01,2.787809804636328737e-04,1.659232104985162992e-01,4.970596910564096865e-04
8.454430050905848981e-01,3.964278828724145847e-04,1.531759753212431074e-01,9.845917052994433531e-04
8.569590228838059875e-01,2.152660513006446222e-04,1.419955039097485217e-01,8.302071551451048947e-04
8.600811494349595021e-01,1.550989419788383972e-03,1.305883524494014791e-01,7.779508695850843175e-03
7.860761605584742906e-01,1.128753599409462087e-03,2.101160416468689229e-01,2.679044195247372306e-03
6.275850426782032532e-01,6.386394987321164507e-02,2.166300578975939306e-01,9.192094955099125442e-02
8.021521602422635455e-01,9.108399126751938685e-04,1.948432091220388129e-01,2.093790723022335466e-03
8.004992743427471469e-01,2.605882982173726909e-04,1.987236458895630109e-01,5.164914694725074177e-04
5.651642115805466382e-01,8.875822782208710182e-02,1.275493310219878162e-01,2.185282295753787352e-01
6.692423260734120527e-02,3.481516545466884494e-01,3.892796028024299304e-02,5.459961525657270887e-01
6.661507557511624489e-01,4.231696184549779693e-02,1.517739041965707192e-01,1.397583782067692570e-01
6.599798931326049389e-02,4.789341354806650464e-01,4.187165114346363265e-02,4.131962240626110838e-01
8.056433683242651966e-01,2.904391259273713700e-04,1.940250136865345754e-01,4.117886327294876955e-05
7.418018453937674783e-01,1.141051365468044587e-02,1.975774086569966892e-01,4.921023229455536580e-02
7.813765605852884821e-01,4.624073305077911855e-04,2.175466661095231125e-01,6.143659746807747469e-04
8.528840364567832344e-01,5.301152751406655161e-04,1.440481651809524810e-01,2.537683087123792335e-03
8.200543512196349916e-01,3.112003459196962911e-04,1.794344764383888624e-01,1.999719960563519684e-04
7.361681310755797680e-01,2.731269289149929752e-02,1.822370506251423938e-01,5.428212540777869327e-02
5.851721950591357579e-01,8.351625476523667768e-02,1.974984918341084750e-01,1.338130583415191588e-01
8.133494346109256812e-01,3.304694713235641502e-03,1.579837314763678224e-01,2.536213919947066797e-02
8.309998347845051203e-01,2.590898225582851560e-04,1.679533717432024620e-01,7.877036497339621112e-04
7.488694419671725333e-01,1.130846633276687795e-02,2.105414006921081660e-01,2.928069100795261184e-02
7.880654525993200377e-01,6.801013617435973293e-04,2.095139505086134057e-01,1.740495530322998512e-03
1.232084672364090749e-01,2.395371010930385514e-01,3.966996898200219474e-02,5.975844626885502553e-01
1.018233074470500932e-01,2.687480058333385213e-01,4.248285822220265046e-02,5.869458284974087281e-01
1.049372334234995457e-01,1.831000667492824197e-01,4.011129891032812894e-02,6.718514009168898848e-01
5.292018554930578711e-01,8.896598727759867653e-02,1.528962701919436840e-01,2.289358870373994770e-01
6.267404678296657761e-02,5.650443042830380902e-01,4.045360373271547627e-02,3.318280452012798976e-01
7.676980949560096024e-01,5.653275909031248419e-04,2.315041737554160706e-01,2.324036976713661582e-04
7.633262371034439386e-01,1.759522627585594729e-03,2.300339889162890672e-01,4.880251352681379273e-03
7.952080985509569766e-01,1.377749320619408788e-03,2.003776658219361684e-01,3.036486306487490034e-03
7.602639618482004424e-01,6.303559364405701172e-03,2.077584686509882927e-01,2.567401013640568594e-02
7.789932426357142337e-01,7.015675791769850718e-04,2.194226381128700221e-01,8.825516722388058273e-04
5.944597842160462831e-01,8.393852511700307384e-02,1.846143558452660594e-01,1.369873348216845699e-01
8.166240451451903803e-01,6.044439070886523189e-04,1.800497465004313458e-01,2.721764447289851639e-03
8.207722768491945153e-01,3.467581130045267052e-03,1.648859583708493226e-01,1.087418364991072500e-02
7.081973369929497886e-02,3.360599014683894881e-01,3.880831507339831815e-02,5.543120497589173468e-01
8.177009403113759678e-01,4.045145660812158889e-04,1.804971654187270957e-01,1.397379703815653570e-03
7.883491257952939257e-01,4.791172519976355276e-04,2.095155447294559936e-01,1.656212223252447567e-03
1.078737316201754393e-01,2.751735978217601519e-01,4.322227334021375156e-02,5.737303972178509071e-01
7.825014319055675349e-01,9.132508772187922881e-04,2.136088687385424567e-01,2.976448478671173473e-03
7.621256585759916824e-01,7.783746221835930292e-04,2.359646115512825104e-01,1.131355250542227060e-03
8.175424401435109345e-02,3.260936308833236597e-01,4.085963449262672992e-02,5.512924906096986488e-01
6.743229726232059795e-02,3.922130786836512395e-01,3.980090241589327726e-02,5.005537216381349408e-01
7.682954700100961265e-01,8.693334225196899800e-03,1.770935821530889853e-01,4.591761361161780797e-02
6.676125762707768585e-01,4.236159111903743668e-02,1.614963292576399312e-01,1.285295033525453989e-01
8.033616493867703490e-01,5.490464916539781375e-04,1.930854728777133544e-01,3.003831243862472959e-03
8.725363114409882825e-02,3.631454548042405417e-01,4.140708580749257600e-02,5.081938282441678112e-01
7.903981017426608968e-02,2.900226117328468800e-01,4.014228609668325093e-02,5.907952919962036198e-01
7.195515103735186102e-01,1.227590344650656730e-02,2.436657923462341169e-01,2.450679383374073164e-02
6.798412786320984225e-02,3.446124374047037087e-01,4.145820742713510892e-02,5.459452273049513193e-01
8.070698902218633730e-01,3.302653980489659094e-04,1.920404124311428928e-01,5.594319489449330399e-04
7.943864140980376742e-01,3.087000536930313262e-04,2.049862579722550315e-01,3.186278760141204392e-04
7.264374385186511685e-01,2.531786879598917420e-02,1.675882566113402472e-01,8.065643607401945525e-02
7.248713723057530200e-02,3.226534611271841269e-01,4.155146673906130045e-02,5.633079349031792082e-01
7.810982233061954938e-01,3.124628116796506340e-04,2.183683129163737635e-01,2.210009657511058541e-04
9.435676137745993564e-02,2.876085527662200492e-01,4.271669940004389765e-02,5.753179864562760759e-01
7.979703676738597595e-01,5.748855589560042043e-03,1.820451238046790210e-01,1.423565293190107509e-02
6.099451508479258877e-01,5.246234270643469755e-02,2.008006769253081469e-01,1.367918295203313095e-01
6.486103450350448885e-01,4.776736238267902807e-02,1.624716292746221091e-01,1.411506633076542450e-01
7.386260974170237859e-01,1.699430152473879047e-03,2.536209333333944160e-01,6.053539097107867029e-03
7.911229799900132420e-01,4.090354545903232596e-04,2.075494407717091150e-01,9.185437836875313912e-04
7.674344003112463231e-01,7.102875055239595914e-04,2.308232235962005829e-01,1.032088587029008318e-03
8.372649133277872968e-01,9.390491145277718834e-04,1.597436886354930419e-01,2.052348922191767674e-03
8.183084471307731089e-01,1.308848726096048997e-03,1.762496674438281119e-01,4.133036699302945934e-03
8.126992396377011874e-01,5.958371637384949791e-04,1.840164957746018293e-01,2.688427423958510837e-03
4.289282827913605267e-01,1.217544159628889400e-01,1.150715814300207335e-01,3.342457198157297582e-01
6.794815861526893874e-01,4.161682983404652036e-02,1.496855128724514927e-01,1.292160711408127105e-01
7.844069635078095848e-01,3.800310343545863952e-03,2.027539894197419035e-01,9.038736728902567116e-03
8.311157898315502113e-01,2.371822155389463442e-04,1.684260491893513623e-01,2.209787635597849095e-04
6.941041850413264269e-01,3.310086500493766154e-02,2.165795512491683616e-01,5.621539870456733479e-02
9.238651272783059143e-02,4.381663930538765017e-01,4.174999260274102342e-02,4.276971016155519667e-01
6.007142346193348192e-01,1.100975344324828797e-01,1.322113885047996873e-01,1.569768424433827525e-01
6.891081047159391959e-01,3.315990270399346573e-02,2.215290344966673874e-01,5.620295808339983989e-02
9.850613990200031422e-02,2.829602487952103118e-01,4.224962609032600902e-02,5.762839852124633788e-01
8.579263130570632945e-02,3.220557576305335123e-01,4.158340854365322886e-02,5.505682025201069640e-01
8.430333671232121961e-01,2.798513733000536439e-04,1.561611108687848415e-01,5.256706347027554141e-04
5.617010629023023727e-01,8.474971603140536713e-02,1.433832404806141825e-01,2.101659805856783692e-01
7.663850737791575440e-01,4.242907165483893704e-03,2.202984859533420325e-01,9.073533102016610383e-03
7.774097913959971962e-01,5.235295450333164475e-04,2.210948380669911506e-01,9.718409919781663495e-04
5.867874330457318877e-01,8.155010356041467179e-02,1.563073084345056318e-01,1.753551549593477810e-01
7.867759636948467028e-01,4.433985478034562552e-04,2.124559608095961949e-01,3.246769477537197221e-04
6.112713049119089526e-01,6.883638844478458252e-02,1.863146763071405754e-01,1.335776303361659034e-01
8.093541850321555042e-01,3.835567090406797513e-04,1.900542785721034689e-01,2.079796867005328446e-04
8.175854282146470808e-01,5.393697644212740476e-04,1.809923203641176370e-01,8.828816568139654861e-04
7.462129236135010002e-01,1.016638489165351197e-02,2.202628470185236109e-01,2.335784447632200528e-02
7.580388939899721512e-01,1.003443327415803193e-02,1.868763877830049158e-01,4.505028495286467205e-02
7.579176331953485501e-01,9.343166506685623984e-03,2.034140424100245037e-01,2.932515788794145054e-02
7.540944132243791731e-02,4.733820571661672139e-01,4.203628830307582637e-02,4.091722132083191465e-01
7.843652771999602979e-01,3.938179767403083447e-04,2.151784592832731435e-01,6.244554002619023142e-05
8.686065457800230538e-01,1.639795445677415915e-04,1.306493552800870039e-01,5.801193953220755645e-04
8.589429488284203162e-02,3.475786340150097131e-01,4.236255518872559384e-02,5.241645159134225018e-01
7.885675280945990684e-01,1.114460455269327506e-03,2.087193396785058108e-01,1.598671771625928811e-03
7.312370485062557046e-01,3.743153472430922613e-02,1.758345654069396746e-01,5.549685136249528361e-02
7.827392802906326663e-01,6.037980177446760710e-04,2.155309974047700527e-01,1.125924286852465327e-03
6.180096353914974472e-01,6.600988028443165179e-02,1.825444143579469936e-01,1.334360699661239491e-01
9.950875984428626808e-02,2.655583954535147284e-01,4.130375540379262883e-02,5.936290892984062983e-01
7.066397416279617261e-01,3.030575559956673326e-02,1.840775934627420785e-01,7.897690930972953161e-02
7.567348454041671335e-01,1.253648399387121033e-03,2.398544230212261708e-01,2.157083175219609399e-03
8.063272823458518257e-01,3.238570975654112482e-04,1.932469093498912216e-01,1.019512066915994643e-04
7.273786221413579278e-02,4.440867955012303692e-01,3.991912303634963244e-02,4.432562192482844554e-01
5.566228838766934528e-02,4.886775685086696130e-01,3.964980440485307844e-02,4.160103386988075469e-01
8.261717449655169299e-01,1.159857093526472406e-03,1.682139856401128897e-01,4.454412300843534588e-03
7.567778037845958039e-01,7.374148362479928526e-03,2.053485459774465893e-01,3.049950187547785518e-02
8.035489233169454959e-01,7.220825849273681271e-04,1.936091109011932321e-01,2.119883196933827242e-03
7.884921465707424304e-02,4.708552761469440018e-01,4.263319692392944504e-02,4.076623122720522407e-01
5.471003963098827055e-02,5.821332064557998009e-01,4.145767316020089466e-02,3.216990807530110130e-01
5.637366229571909582e-01,1.112538222713111147e-01,1.524545573526752129e-01,1.725549974188223534e-01
7.752813617295416515e-01,4.354055808010459661e-03,2.044527902079789350e-01,1.591179225446886711e-02
6.426173763330607080e-01,4.441066498844081778e-02,1.820902555648403753e-01,1.308817031136580988e-01
7.480491357248751916e-01,1.411433048520570159e-02,1.927559010543827556e-01,4.508063273553656464e-02
1.008681626530870262e-01,2.186250060155507935e-01,4.136082505190186859e-02,6.391460062794602770e-01
7.979285012944791200e-01,3.525477992549090936e-04,2.016287674760257054e-01,9.018343024041588552e-05
8.974808670063669225e-02,2.704889291298493426e-01,4.383810253285960051e-02,5.959248816366543577e-01
7.111631180575954669e-01,3.774486700672623901e-02,1.943639144541784158e-01,5.672810048149989903e-02
6.491993774633135761e-01,5.458876825214054040e-02,1.620421392561444685e-01,1.341697150284012208e-01
9.311233840721204469e-02,2.974635658484898748e-01,4.061087315644455742e-02,5.688132225878536063e-01
7.614245281573662760e-01,2.386433578735947057e-03,2.268759903639382680e-01,9.313047899959762607e-03
6.195295815777119852e-01,4.785346068124083502e-02,1.915520164886642673e-01,1.410649412523828639e-01
5.144419527617891674e-01,1.143205819098263576e-01,1.566340380518010111e-01,2.146034272765828810e-01
5.476688245283714007e-01,1.341042778862129026e-01,1.465055334096481698e-01,1.717213641757675824e-01
9.227822274771345368e-02,3.046731288128836090e-01,4.206079387405755460e-02,5.609878545653452786e-01
1.041568840045833805e-01,2.653191361917085489e-01,4.106700560721145837e-02,5.894569741964967857e-01
6.911765387822351725e-01,2.235714655702987844e-02,2.047326164613401112e-01,8.173369819939479974e-02
6.802758712266289420e-02,4.184285290846622707e-01,4.142722715792508670e-02,4.721166566347496651e-01
8.783380937745846606e-02,3.135985077964998924e-01,4.137388599547579815e-02,5.571937968305655797e-01
7.367199477227245330e-01,1.305165638092765056e-02,2.042183228937093087e-01,4.601007300263849215e-02
7.445800021069710894e-02,3.277297265204929255e-01,4.141789228351976798e-02,5.563943809852902600e-01
7.226161288811432382e-01,2.574866050436955961e-02,1.768460296970155721e-01,7.478918091747141506e-02
7.807933363485022871e-02,4.103698851585386720e-01,4.243671282473480272e-02,4.691140683818764145e-01
8.922289603924235535e-02,3.149460518795785258e-01,4.219106677168099617e-02,5.536399853094983170e-01
7.947340978666858069e-01,2.338581787051941527e-04,2.049959816659407408e-01,3.606228866794236137e-05
7.951246444799461299e-01,4.262900506409119956e-04,2.034516798820674710e-01,9.973855873457355709e-04
6.581858070962756657e-02,3.548632353835747266e-01,3.984050021328382207e-02,5.394776836935138986e-01
7.814797147461650662e-01,4.549707241297617361e-03,1.878659116045930111e-01,2.610466640794422560e-02
6.710391206431437494e-02,4.310046662790460448e-01,4.057793458357866062e-02,4.613134870730609127e-01
7.388760408000655255e-02,4.891233703936844202e-01,3.980064880194910532e-02,3.971883767243599150e-01
7.408517378278431931e-01,1.545284827930674086e-02,1.985683000686572219e-01,4.512711382419277995e-02
7.337482240363422115e-01,1.786836887855547049e-02,2.039647204967457161e-01,4.441868658835678579e-02
9.281189963403317644e-02,4.505743731036879196e-01,4.426036733499876669e-02,4.123533599272800054e-01
1.152627679139134609e-01,3.323826892427058644e-01,4.136666573079946646e-02,5.109878771125810903e-01
8.216328833151919087e-01,1.300910085788817196e-03,1.728691835553159140e-01,4.197023043703527155e-03
7.879294152202324097e-01,3.781565225390009360e-04,2.115125605009742782e-01,1.798677562540711432e-04
6.890270377870165719e-01,5.394888952918855396e-02,1.531324750338297624e-01,1.038915976499655419e-01
5.143723213676334310e-02,5.003948890805288707e-01,4.086042309653083182e-02,4.073074556861768780e-01
7.437674974424101082e-01,1.528650237762674020e-03,2.525029134354956906e-01,2.200938884331577090e-03
8.153222431332655951e-02,3.058483903675226490e-01,3.842785177630668458e-02,5.741915335428442457e-01
7.923841845209292911e-01,3.936619335709437063e-04,2.066150125956769390e-01,6.071409498224474097e-04
7.758790325203061000e-01,4.461576638736126357e-04,2.230326097592058854e-01,6.422000566148744613e-04
9.596966731994230337e-02,3.846916833542042280e-01,4.069116106608793026e-02,4.786474882597656633e-01
1.059543943806803001e-01,2.657992019005447348e-01,4.189894306319986994e-02,5.863474606555753033e-01
7.554433764508629023e-01,9.918696276713055964e-04,2.420632420738724477e-01,1.501511847593283832e-03
7.768129806496387735e-01,5.536558848369825363e-03,1.923467647066850195e-01,2.530369579530653001e-02
9.215536893271358831e-02,3.690758753481350185e-01,4.298924293882335629e-02,4.957795127803277802e-01
6.844070261007030587e-02,4.429230232336632267e-01,4.117530007574569245e-02,4.474609740805208791e-01
7.432384241401105429e-01,1.997178926771856627e-02,1.616894728181076657e-01,7.510031377406324593e-02
8.390294442906910677e-02,4.878263790674631228e-01,4.440489175524754001e-02,3.838657847482200847e-01
7.125266637313186768e-01,1.005864301702012915e-02,2.580248657981458194e-01,1.938982745351539722e-02
9.776590662372354468e-02,2.798999694410896355e-01,3.952402321379196171e-02,5.828101007213947193e-01
7.353786700066837767e-01,1.338933904958582166e-02,2.052139902138614136e-01,4.601800072986902274e-02
6.862192732504429626e-02,4.050494664953348534e-01,3.843467739953604356e-02,4.878939287800845848e-01
7.944969525196372562e-01,6.434705931843778554e-04,2.038734106927341805e-01,9.861661944438949220e-04
7.430272804371007567e-01,4.834634412522607118e-05,2.567351685637077607e-01,1.892046550664233597e-04
8.338500055223062590e-01,2.466014890271046650e-04,1.658253818046588890e-01,7.801118400803330689e-05
8.019502646008750402e-01,7.303095939524694921e-03,1.640139712860217147e-01,2.673266817357854500e-02
8.139838106664695205e-01,6.191849794321880110e-03,1.536880132260857179e-01,2.613632631312276175e-02
6.387097249946253052e-01,4.904244841730345805e-02,2.019661706290611092e-01,1.102816559590100304e-01
5.618412235170788804e-01,7.731884683042537787e-02,1.566447457110954067e-01,2.041951839414004322e-01
7.401597865866622883e-02,3.079184706649390479e-01,4.105410235870497054e-02,5.770114483176899123e-01
7.343957901412342393e-01,4.140942573677131727e-03,2.527874543197844437e-01,8.675812965304239080e-03
8.288391625128248286e-02,3.429934387923218586e-01,4.354324797844386086e-02,5.305793969779516450e-01
7.266311946744217209e-01,1.312432709689941891e-02,2.136737631998212872e-01,4.657071502885761632e-02
7.610310196750043055e-01,2.119279694408341547e-03,2.331250425806400683e-01,3.724658049947260786e-03
6.858538374971391294e-01,1.158997414467267245e-04,3.136696988423884336e-01,3.605639190259005166e-04
5.754495517803533966e-01,8.788572688388916754e-02,2.028021951120350108e-01,1.338625262237224667e-01
7.796337448403165560e-01,5.455868410520931270e-04,2.192055217402701373e-01,6.151465783611836068e-04
5.868163664410044333e-01,1.049682907038779200e-01,1.925743498883182303e-01,1.156409929667990832e-01
7.440495491918645010e-01,2.461818239224736887e-02,1.476598067790642066e-01,8.367246163682397209e-02
7.710664419122985613e-01,3.609735827202203854e-04,2.284618135111315673e-01,1.107709938495995804e-04
7.909461472804654170e-01,6.487965202055591711e-04,2.065567991716722451e-01,1.848257027656717696e-03
7.321389730263443141e-02,4.097480514847942623e-01,4.195638677813553347e-02,4.750816644344357242e-01
8.063014487180922285e-02,3.004361425243527450e-01,4.026194828964938660e-02,5.786717643141888745e-01
7.670075656451353918e-01,7.736361655919701992e-03,1.966163300044282136e-01,2.863974269451690161e-02
8.389514531684996168e-01,2.744738202014806940e-04,1.605360512980918419e-01,2.380217132070404536e-04
7.991721782326726142e-01,3.724208951816807781e-03,1.873218660675737557e-01,9.781746747936824471e-03
7.556529714336338577e-01,4.077118607227206253e-03,2.323479840715173550e-01,7.921925887621493467e-03
7.523574794246693509e-01,2.148660872363912164e-03,2.422917053191743220e-01,3.202154383792424081e-03
8.183646578416331474e-01,8.344552021347232448e-04,1.790719125742240014e-01,1.728974382008406337e-03
8.203535977464400109e-01,3.150508185744557645e-04,1.791263224262915621e-01,2.050290086939853559e-04
8.328755749092737748e-01,1.835724529810363716e-04,1.668297519403788010e-01,1.111006973662548612e-04
8.020409565333653790e-01,3.764401935429440081e-04,1.974383105970148877e-01,1.442926760767363902e-04
7.236741627064701143e-01,4.917119995157144367e-03,2.535867038839317855e-01,1.782201341444096879e-02
8.183202783875603847e-01,2.950894618539541222e-04,1.809025811577697485e-01,4.820509928157155248e-04
8.627681419241712835e-01,1.147255818526042348e-04,1.369448756046134641e-01,1.722568893628927643e-04
8.179531034472672379e-01,5.602139630351805379e-03,1.613045797457640373e-01,1.514017717661696703e-02
